0.51368 3.37228 1.8644
0.389187 3.23311 1.81203
0.39817 3.16662 1.77545
0.161107 2.9992 1.68106
-3.97554 1.43416 0.836918
-0.0439284 2.80362 1.57068
28.9398 11.7464 6.29747
33.1368 12.4786 6.54959
33.2253 11.8597 6.11948
27.4179 9.79644 4.87017
20.9391 7.64171 3.70182
23.2659 7.80076 3.60396
19.1297 6.4784 2.83691
14.8428 5.25377 2.15346
1.7198 2.50321 1.14129
2.53125 2.55666 1.07769
1.03858 2.22326 0.932218
4.02737 2.5731 0.845713
5.40342 2.64381 0.679979
9.60929 2.96121 0.346929
8.28083 2.64978 0.138838
9.10053 2.51652 -0.178967
-3.97554 1.43416 0.836918
1.13097 1.71527 0.213424
0.648509 1.614 0.170722
0.803628 1.5585 0.0360144
0.640359 1.48043 -0.0514564
-2.19475 1.42934 0.447189
0.534483 1.35773 -0.275291
0.861363 1.27616 -0.481543
0.838184 1.21674 -0.607532
0.629072 0.912298 -0.56089
0.98935 0.825291 -0.592113
0.767527 0.808437 -0.460934
0.877024 0.748889 -0.414564
0.769583 0.720068 -0.326863
0.8426 0.664436 -0.283893
0.668661 0.649218 -0.184785
0.774274 0.58747 -0.155406
0.606162 0.575187 -0.0766427
0.815114 0.491878 -0.0727172
0.64413 0.483058 -0.00345879
0.748245 0.41819 0.0224696
0.550364 0.419323 0.0855701
0.651812 0.354196 0.10546
0.283754 0.401206 0.190844
0.37302 0.353089 0.198035
0.232179 0.349847 0.23906
0.235566 0.310825 0.252412
0.198663 -0.0886091 0.260364
0.341107 -0.165819 0.23469
