0.188392 3.61032 1.8557
-0.147092 3.36413 1.78921
0.229801 3.46461 1.88378
-0.160083 3.21965 1.79023
0.212468 3.3123 1.88425
-0.0985495 3.10112 1.75064
0.642397 3.30376 1.92948
-0.115389 2.98928 1.78377
-0.0870792 2.95405 1.77666
-0.0315321 2.91496 1.77531
-0.149452 2.81973 1.72888
-0.190901 2.75377 1.69392
-0.343453 2.67115 1.63096
-0.0794579 2.59541 1.7019
0.000136342 2.59112 1.64616
-0.0206318 2.5454 1.60269
-3.90547 1.49323 0.902082
-0.131443 2.41266 1.49965
0.326235 2.45978 1.53624
0.0296842 2.31913 1.45189
0.496865 2.34327 1.47274
0.0690909 2.19413 1.37076
2.89476 2.57898 1.62463
0.0309008 2.06928 1.26816
0.838169 2.12442 1.28057
-0.0315352 1.95101 1.15379
5.61253 2.49234 1.38002
-0.0671633 1.83934 1.03208
2.39713 1.9686 1.00264
-0.0288192 1.72865 0.888451
-0.0460322 1.67735 0.813621
-0.0139327 1.6158 0.731428
7.29423 1.7013 0.195238
-0.023948 1.50913 0.58267
-0.112886 1.45404 0.529684
-0.0807865 1.38043 0.447815
0.467894 1.2948 0.264987
0.272841 1.23094 0.194881
-3.90547 1.49323 0.902082
0.260219 1.12048 0.014393
0.802774 1.00575 -0.211175
0.169102 1.00794 -0.155958
0.683921 0.882659 -0.395944
0.00676501 0.924447 -0.282631
0.536551 0.792613 -0.503855
0.353874 0.539357 -0.470722
0.444344 0.472362 -0.485008
0.332077 0.446727 -0.427995
0.334625 0.413689 -0.421285
-0.000221716 0.457235 -0.309521
-0.138234 0.488002 -0.254893
-0.115348 0.464481 -0.249711
-0.0661367 0.410285 -0.263495
0.0289829 0.377483 -0.292202
-0.0876281 0.392991 -0.238633
-0.109314 0.387789 -0.237685
0.0515375 0.388865 -0.275121
0.0535792 0.351916 -0.244151
-0.0857748 0.35143 -0.190904
-0.277279 0.381771 -0.185694
-0.296215 0.382238 -0.190982
-0.148549 0.342527 -0.241652
-0.170028 0.349233 -0.246619
-0.274308 0.364896 -0.230839
-0.18887 0.338667 -0.286085
-0.189751 0.344424 -0.27454
-0.168543 0.343449 -0.275673
-0.0576764 0.326719 -0.30521
0.0601684 0.308857 -0.3305
-0.0349285 0.331466 -0.306732
-0.103724 0.340615 -0.284908
-0.169716 0.355038 -0.269889
-0.191599 0.361705 -0.263023
-0.190917 0.355945 -0.268789
-0.211564 0.36233 -0.267966
-0.274284 0.376169 -0.259109
-0.252762 0.364094 -0.271444
-0.252091 0.358433 -0.27711
