0.0315531 4.03112 2.38634
-0.295886 3.80135 2.29926
0.268768 4.142 2.53674
0.0958293 3.97023 2.50446
0.129608 3.93947 2.53669
0.0219296 3.8217 2.52027
0.289073 3.93068 2.64608
0.357907 3.9091 2.68602
0.239091 3.78667 2.65028
0.0426098 3.61686 2.58165
0.048335 3.56227 2.58841
0.119409 3.44006 2.65274
0.138657 3.54493 2.63679
0.114501 3.48852 2.63891
0.333813 3.49398 2.74772
0.308773 3.42095 2.73446
0.317164 3.34152 2.74159
0.407611 3.42908 2.77426
0.260476 3.27833 2.7016
0.175845 3.19671 2.6502
-0.0119941 3.07316 2.55725
0.24405 3.14488 2.63896
0.248925 3.10255 2.62468
-0.199627 2.88122 2.42439
0.114468 2.96242 2.5188
0.205007 2.95354 2.51673
-0.112613 2.79469 2.36892
-0.529139 2.61955 2.17868
-0.317095 2.66972 2.21724
-0.522576 2.57412 2.10386
-0.161652 2.57989 2.17681
-0.0597001 2.5848 2.1828
0.102904 2.60632 2.18583
0.340866 2.63285 2.2139
0.586092 2.55606 2.09959
0.697571 2.53706 2.06456
0.608567 2.65503 2.23772
0.433387 2.42807 1.94147
0.63913 2.43742 1.91847
0.444801 2.3492 1.81066
0.549101 2.3263 1.75559
0.39463 2.25095 1.64794
1.64504 2.44806 1.73753
2.84433 2.61525 1.78241
1.71158 2.3662 1.54022
0.546104 2.12338 1.33674
1.29551 2.14801 1.17695
0.667124 2.02099 1.05148
5.245 2.79905 1.55965
0.380244 1.9401 0.953272
4.08318 2.33238 0.785425
9.05102 2.77874 0.387131
9.07064 2.65362 0.111827
11.3713 2.72513 -0.408172
6.82038 2.24597 -0.229964
0.185222 1.68804 0.405341
0.249054 1.64528 0.276047
0.0127263 1.60016 0.219329
0.567591 1.58422 0.0017092
0.817752 1.54866 -0.171873
0.484785 1.50371 -0.226704
0.115101 1.46357 -0.237263
0.405712 1.41959 -0.424661
0.598957 1.40598 -0.543066
0.180073 1.39964 -0.450675
0.18416 1.36032 -0.444155
0.480835 1.31496 -0.536103
0.485075 1.27998 -0.557324
0.552814 1.24254 -0.572076
0.226181 1.22152 -0.440406
0.256844 1.20035 -0.449969
0.255122 1.21357 -0.436595
0.177057 1.16534 -0.402501
0.349006 1.13519 -0.478661
0.350034 1.12847 -0.492296
0.32173 1.12351 -0.462388
0.292272 1.1255 -0.459284
0.294005 1.1122 -0.472745
0.158211 1.10239 -0.426391
0.47949 1.03711 -0.532983
0.581008 0.979264 -0.56537
0.616253 0.954696 -0.583611
0.396964 0.962822 -0.488822
0.228014 0.947644 -0.418515
0.258403 0.918198 -0.421034
0.559143 0.86191 -0.462228
0.380072 0.843895 -0.465535
0.50047 0.835028 -0.498312
0.50047 0.835028 -0.498312
0.699444 0.788002 -0.577075
0.668158 0.770932 -0.580449
0.663353 0.821577 -0.609401
0.779814 0.683092 -0.651895
0.580962 0.685848 -0.590399
0.578524 0.707009 -0.583259
0.64744 0.668094 -0.598516
0.615801 0.659152 -0.580228
0.618257 0.637836 -0.587421
0.685896 0.612251 -0.609759
0.689942 0.57619 -0.61708
0.691497 0.561754 -0.617105
