1.04245 3.53557 0.425547
0.804398 3.37586 0.474068
0.691036 3.31292 0.578771
0.818735 3.21788 0.612572
0.521427 3.01021 0.711642
0.491072 2.90454 0.723454
0.52318 2.87063 0.793494
0.514354 2.84053 0.863017
0.598307 2.75995 0.895521
0.472729 2.66046 0.908156
0.607492 2.63203 0.978689
0.461567 2.54175 0.972374
0.55859 2.52863 1.06053
0.54155 2.42636 1.05173
0.617489 2.39726 1.12926
0.365491 2.2861 1.05767
0.546155 2.25523 1.13878
0.482944 2.17089 1.11279
0.552897 2.14364 1.1855
0.494925 2.07138 1.17334
0.57271 1.99936 1.1693
0.392555 1.92342 1.12174
0.645935 1.88221 1.20619
0.526614 1.81905 1.16897
0.526859 1.74228 1.14252
0.486864 1.69297 1.11824
0.559774 1.63195 1.14171
0.425361 1.57194 1.08035
0.786447 1.48872 1.18485
0.534112 1.43842 1.07458
0.63282 1.37573 1.07988
0.515835 1.31421 1.0022
0.440193 1.26189 0.937632
0.621856 1.17418 0.97248
0.4128 1.14573 0.844644
0.586406 1.05582 0.879139
0.33717 1.04787 0.735612
0.608538 0.922632 0.771749
0.154469 0.195815 -0.358093
0.644918 -0.107204 -0.337452
0.110599 0.169479 -0.238429
-0.060911 0.288681 -0.202299
-0.0431142 0.293674 -0.194592
-0.0990478 0.31632 -0.195368
-0.0640379 0.286882 -0.208886
-0.0943313 0.301979 -0.226694
-0.113188 0.304547 -0.243106
-0.0939767 0.283784 -0.266116
-0.0328285 0.249366 -0.298513
0.0477274 0.198647 -0.335554
-0.0740265 0.254046 -0.351717
-0.154369 0.290392 -0.369895
-0.225173 0.334072 -0.345283
-0.15502 0.299718 -0.345161
-0.286562 0.377443 -0.319511
-0.207371 0.332499 -0.321481
-0.34871 0.411196 -0.304878
-0.398765 0.447217 -0.295726
-0.416729 0.460139 -0.298556
-0.437293 0.474474 -0.302366
-0.471463 0.497343 -0.304899
-0.481888 0.508807 -0.318576
-0.524336 0.53503 -0.325289
-0.503818 0.532152 -0.349085
-0.53752 0.552346 -0.361841
-0.291142 0.415733 -0.432923
-0.317086 0.433816 -0.456754
0.273201 0.120129 -0.616321
0.0678878 0.228772 -0.612993
0.483126 0.0218321 -0.762266
0.353027 0.0882751 -0.799355
0.2568 0.158136 -0.812194
